26.929000	95.670000	13.300000	13.170000
26.392000	94.460000	11.500000	9.760000
26.618000	94.670000	12.300000	10.730000
26.767000	95.250000	12.720000	10.240000
26.610000	95.730000	12.720000	10.240000
26.521000	95.080000	11.530000	14.830000
26.960000	94.020000	11.000000	16.270000
26.554000	94.390000	11.790000	18.180000
26.594000	94.710000	12.530000	15.790000
26.766000	94.130000	11.630000	14.350000
26.741000	95.360000	13.490000	14.780000
26.904000	94.200000	11.230000	11.330000
26.473000	94.890000	12.600000	13.790000
27.132000	95.840000	13.650000	14.780000
26.840000	94.200000	11.330000	12.320000
26.774000	94.990000	12.450000	20.100000
27.553000	94.040000	11.660000	12.750000
27.422000	94.730000	12.610000	11.760000
27.619000	94.510000	11.550000	14.710000
27.265000	94.510000	11.450000	16.180000
27.057000	95.670000	12.670000	19.780000
27.095000	94.840000	10.900000	16.480000
27.154000	94.840000	11.840000	23.080000
27.142000	94.370000	10.220000	13.740000
27.629000	95.310000	11.260000	19.780000
27.419000	95.050000	12.360000	12.110000
26.987000	94.730000	12.730000	12.560000
27.074000	94.670000	12.630000	12.110000
26.754000	95.630000	13.270000	12.110000
27.102000	95.360000	13.160000	13.000000
26.999000	94.280000	12.190000	10.330000
26.653000	94.650000	12.030000	7.510000
26.482000	94.970000	12.400000	14.550000
26.199000	95.500000	13.200000	13.620000
26.475000	94.280000	11.450000	9.860000
26.362000	94.400000	11.350000	15.180000
26.571000	94.880000	11.670000	12.950000
26.460000	94.990000	11.990000	15.180000
26.705000	95.740000	12.790000	18.300000
26.639000	95.100000	11.570000	13.840000
26.696000	94.920000	11.690000	11.480000
27.103000	95.720000	13.640000	11.000000
26.686000	94.180000	11.530000	13.880000
26.664000	94.020000	11.160000	9.570000
26.410000	94.450000	12.220000	11.000000
26.579000	95.250000	11.650000	13.160000
26.298000	94.180000	11.000000	12.280000
26.648000	94.500000	11.060000	14.040000
26.520000	94.550000	10.950000	12.720000
26.269000	94.180000	10.950000	10.530000
